Henry Jacobs

n	    Q(n)	      Q(n)/n	 		Q(n)/n^2			 	Q(n)/n^3

100	769.16	   7.6916	   	0.076916	      	0.00076916
200	4949.47	   24.74735	   	0.12373675	   	0.000618684
300	14744.12	   49.14706667		0.163823556			0.000546079
400	32007.58	   80.01895	   	0.200047375	   	0.000500118
500	58409.32	   116.81864		0.23363728			0.000467275
600	95494.98	   159.1583	   	0.265263833	   	0.000442106
700	144718.8	   206.7411429		0.29534449			0.000421921
800	207463.1	   259.328875		0.324161094			0.000405201
900	285051.1	   316.7234444		0.351914938			0.000391017
1000	378760.6	   378.7606	   	0.3787606	   	0.000378761
